200
100 126 197
41 117 148
136 98 74
120 178 75
70 145 172
193 129 81
164 68 160
105 62 113
19 12 162
57 194 20
160 53 19
166 132 109
24 73 41
102 169 109
29 49 106
31 81 30
88 160 129
165 37 138
10 171 171
197 6 82
124 61 128
19 1 161
43 152 48
99 52 95
73 15 26
110 90 33
58 73 109
152 161 163
166 17 114
77 78 177
187 89 89
160 175 89
184 147 91
108 15 193
2 196 65
197 157 172
153 189 87
193 173 151
151 89 128
128 35 89
49 57 136
176 88 24
142 43 71
7 168 141
92 48 130
126 196 16
39 193 185
118 44 82
29 74 85
172 185 49
8 128 35
46 34 9
45 138 56
58 111 105
6 48 8
149 188 164
193 71 172
80 188 196
190 144 94
168 181 163
147 196 153
8 11 83
154 56 171
30 88 83
44 87 62
117 91 25
74 68 39
44 84 79
176 149 110
177 158 136
32 163 107
108 153 80
88 114 131
157 117 10
3 57 92
166 44 142
27 191 85
72 135 38
64 146 106
156 1 151
191 0 57
55 138 69
3 199 48
120 75 124
22 68 6
72 110 177
17 103 26
79 91 48
138 119 169
6 158 168
6 176 161
177 169 45
65 173 141
111 7 199
13 76 146
32 90 175
183 108 151
194 113 53
138 139 182
159 33 185
60 135 99
174 144 91
144 11 194
118 43 157
119 192 167
199 199 98
184 122 188
14 41 112
31 18 166
165 173 78
141 130 141
54 12 134
46 6 8
153 114 51
192 199 193
171 175 50
63 13 187
175 199 194
86 101 61
115 156 88
65 190 107
110 40 125
116 71 30
187 131 60
63 138 125
63 149 64
132 77 199
33 14 36
52 159 21
58 61 1
195 62 21
144 27 196
147 120 147
173 141 81
131 74 159
180 44 4
0 139 184
90 53 129
130 40 165
61 116 191
13 22 165
140 139 173
15 28 90
68 75 48
40 36 87
70 0 170
109 89 65
40 141 145
144 173 86
76 105 108
134 133 2
173 160 152
69 140 34
61 160 153
30 160 138
30 168 134
129 78 93
2 105 71
36 175 158
176 151 164
17 52 148
20 94 144
113 63 8
81 103 192
181 125 169
165 38 138
161 56 68
184 125 163
96 26 113
44 114 90
139 175 1
51 116 19
42 159 161
84 163 158
191 73 119
119 191 36
176 22 23
126 10 45
188 74 123
81 158 137
141 82 142
191 148 8
121 16 105
94 22 68
10 105 102
0 132 197
3 88 172
142 130 136
93 1 99
176 111 28
52 180 131
157 53 11
124 86 169
161 81 199
96 68 16
78 40 94
165 97 29
192 180 197
147 93 119
117 67 136
76 159 72
197 194 62
187 106 13
99 45 171
61 89 195
160 149 4
156 49 180
97 75 91
141 93 2
136 64 70
111 42 15
109 22 90
195 134 103
113 109 78
131 86 197
141 187 48
64 134 188
177 137 87
27 100 46
132 69 159
32 64 57
26 113 144
97 158 93
28 126 176
171 114 87
186 185 165
69 127 69
92 83 28
3 166 114
112 98 134
68 47 189
96 14 4
191 196 187
50 162 198
55 33 17
172 84 168
165 76 159
122 169 130
98 90 119
43 6 190
80 173 167
10 161 47
9 37 75
162 111 39
10 46 184
142 190 193
110 68 142
43 117 194
91 80 98
76 190 151
65 56 23
53 1 133
193 120 104
3 195 134
89 143 85
30 110 160
161 153 20
53 16 33
75 16 182
109 131 90
36 179 41
178 84 0
96 26 184
114 89 103
116 101 152
163 173 44
42 59 196
17 63 166
134 41 6
119 92 173
186 176 164
116 121 146
124 82 8
86 75 37
34 75 95
186 179 166
191 147 108
188 176 55
154 124 57
110 5 6
138 73 45
150 101 107
19 45 92
57 66 63
119 156 26
33 169 143
81 94 170
171 160 185
69 42 19
75 39 39
198 138 35
9 115 11
151 22 15
127 108 144
32 33 105
183 177 22
70 197 4
0 122 81
173 27 152
28 89 18
133 74 167
87 120 143
140 36 109
39 47 66
158 23 164
81 55 107
198 196 67
143 86 27
113 3 148
126 95 187
63 171 0
95 6 162
148 51 111
58 3 141
147 122 87
155 199 190
84 155 51
114 47 190
34 13 11
16 8 174
197 42 26
1 145 189
94 199 163
184 49 25
187 25 119
86 194 137
133 33 128
196 174 55
108 59 43
26 43 4
192 23 67
166 30 11
64 107 95
26 158 29
178 142 69
128 176 132
141 170 125
175 39 88
178 53 0
27 148 133
23 72 48
124 72 55
32 182 10
114 74 96
5 68 184
91 186 56
18 52 54
169 198 186
147 50 110
151 75 31
116 107 191
31 125 194
30 80 94
175 74 128
42 186 170
38 61 37
115 143 55
192 134 181
62 155 183
186 3 177
88 111 164
153 132 35
56 41 59
17 148 184
82 39 22
71 100 194
34 119 130
5 83 186
73 47 138
113 75 41
184 138 104
114 22 181
87 93 149
25 83 47
8 158 10
130 134 63
198 72 76
113 98 21
110 172 170
169 100 62
109 95 64
129 52 141
22 97 161
139 168 69
87 138 158
62 14 72
10 125 68
53 106 188
114 22 17
18 54 127
18 116 153
96 94 69
0 53 133
39 117 161
11 112 30
95 189 116
177 19 24
46 145 23
171 38 184
91 183 31
108 199 20
43 51 132
2 156 57
119 18 33
62 104 194
103 108 194
199 73 72
82 50 193
2 45 119
95 44 183
145 65 103
122 160 114
80 141 195
130 10 119
37 191 131
23 23 48
76 90 59
63 43 99
38 131 34
119 49 128
22 49 13
122 125 171
194 167 180
159 35 75
183 0 81
134 51 14
167 197 118
93 26 93
101 187 118
11 25 151
53 125 41
184 129 152
118 68 173
168 40 6
92 22 35
181 141 152
106 193 134
70 178 130
34 106 136
186 124 26
90 20 139
149 64 76
74 142 124
16 135 186
161 112 67
83 173 4
112 192 190
53 136 39
35 79 125
90 143 92
38 42 96
46 41 84
81 84 124
1 127 156
24 69 178
178 85 199
105 45 134
180 51 71
57 144 45
177 160 149
176 173 62
92 67 158
13 163 136
11 56 140
1 150 98
136 152 178
62 12 19
166 163 179
25 87 18
61 23 2
76 36 98
79 7 47
62 65 113
169 95 105
192 50 69
198 169 164
129 0 52
150 89 26
86 67 167
147 38 109
188 141 6
31 70 40
112 145 34
128 60 31
60 167 5
166 152 167
132 196 60
21 54 42
13 139 65
63 66 98
95 6 61
21 166 85
39 48 176
105 169 27
193 92 115
74 159 135
38 157 126
42 196 125
2 137 73
182 15 172
57 63 82
65 16 23
194 121 151
128 123 98
1 137 0
164 126 9
107 174 40
188 182 196
41 58 20
60 35 56
120 68 121
64 162 143
178 170 55
185 180 3
79 91 12
97 142 61
68 119 128
21 167 115
102 60 177
17 56 174
168 195 86
111 181 119
21 19 189
94 198 162
69 41 84
63 2 87
57 121 10
67 121 182
0 65 36
169 54 186
189 69 98
28 24 187
83 95 121
136 115 169
87 147 90
194 113 190
145 102 53
1 24 16
38 175 164
102 70 131
42 102 97
67 186 95
73 94 171
31 43 170
16 135 175
167 126 21
131 95 24
126 180 61
151 111 68
66 109 23
130 163 60
162 16 49
141 103 54
145 158 17
37 157 61
82 55 169
157 105 64
74 137 106
196 28 93
185 74 199
99 166 91
149 60 170
56 97 155
47 64 114
183 141 61
54 105 122
56 159 74
155 196 189
192 33 109
41 165 170
165 21 93
163 198 92
82 22 196
63 72 68
99 11 157
0 27 52
17 31 13
1 103 95
89 125 73
17 13 179
170 131 130
104 43 98
96 77 179
28 54 151
85 176 19
185 110 71
135 131 61
164 85 170
148 43 119
129 192 67
100 170 125
2 8 59
87 9 172
46 100 168
127 22 60
108 142 64
21 46 13
158 29 156
141 165 150
82 146 103
113 65 163
183 130 145
115 44 152
4 106 72
50 0 199
114 190 50
178 26 40
34 149 31
36 86 5
80 161 110
195 184 160
54 87 4
72 16 10
167 54 107
132 46 7
87 32 89
81 104 193
100 10 120
120 167 58
27 57 24
36 90 69
73 99 112
15 88 77
47 116 87
8 131 112
70 109 81
20 95 157
6 116 2
166 192 129
39 131 67
100 113 41
174 179 54
6 135 110
0 197 41
86 105 39
74 112 53
10 131 123
144 108 196
71 0 138
132 122 45
103 104 182
100 77 31
100 170 7
20 195 135
42 181 11
50 1 141
199 18 100
137 165 117
57 136 52
113 140 64
20 40 40
125 82 182
21 54 146
71 0 150
180 17 53
149 188 64
88 95 143
19 87 141
17 87 158
183 34 140
51 173 138
195 182 48
153 45 84
151 70 30
55 73 177
85 121 62
123 174 169
31 124 154
56 156 139
52 122 109
8 26 87
182 106 110
156 55 28
82 82 40
187 39 197
90 198 61
34 121 90
167 4 74
161 199 83
129 4 4
180 177 66
54 167 195
186 71 147
85 85 57
129 114 21
56 59 40
135 194 81
71 135 53
85 108 139
138 124 151
95 2 158
59 11 170
63 1 85
152 115 14
170 133 40
6 169 138
123 184 130
91 89 173
25 24 162
29 155 105
67 199 164
174 2 113
5 146 55
145 174 52
168 11 85
152 157 142
95 139 36
94 29 34
1 197 50
11 191 18
70 34 45
115 79 136
14 107 154
67 161 57
191 192 197
158 133 76
87 172 138
70 104 40
19 67 100
121 167 132
171 147 170
112 131 128
131 128 125
97 126 56
72 149 153
147 50 61
20 81 56
6 53 37
64 178 154
176 169 41
198 133 191
10 41 142
79 14 120
173 100 149
105 125 72
173 164 119
176 125 24
15 182 121
168 49 43
41 62 47
98 6 169
131 184 76
152 115 48
190 112 157
162 18 177
67 47 143
12 168 11
13 122 101
165 66 63
189 184 26
138 107 28
52 102 142
80 68 49
81 184 49
170 120 156
78 58 72
93 120 78
73 22 176
171 12 89
59 75 59
58 187 126
144 138 162
149 109 63
75 57 37
170 34 153
76 134 197
53 175 10
159 27 146
106 156 59
190 46 158
123 194 155
26 180 12
174 29 183
125 37 80
195 116 44
150 97 51
71 70 148
45 186 122
11 88 44
176 109 131
70 135 161
143 154 185
117 119 19
139 123 150
188 19 198
183 181 12
56 31 13
95 139 195
181 54 58
191 101 93
45 120 95
133 143 127
65 139 148
194 2 63
123 117 158
64 153 142
145 133 127
146 148 110
100 129 89
17 167 183
200 200 200
